	Q01433	P05067	P41240	P49674	P04792	Q92743	P05362	O95631	Q99784	Q15102	O14829	Q6U841	Q92563
0	0.021124289	0.015972638	0.017575468	-0.001015195	-0.025162516	0.00870548	0.040927236	0.080275962	0.023357827	0.039854268	0.033403071	0.007812326	0.06800721
1	-0.061027567	0.01076482	-0.022503089	0.012782901	0.01610658	0.017112013	0.051734579	0.065334051	0.049420479	-0.025195986	0.023924278	0.002080907	0.027714851
2	0.025673222	0.018479868	0.036302714	0.016128253	0.027490876	0.021158102	0.042819072	0.073453502	0.032971683	0.029030259	0.029524973	0.020216932	0.006955381
3	-0.034080134	-0.01920055	-0.024531319	-0.013802631	-0.024727721	-0.021284038	-0.023272882	-0.124083778	-0.04079103	-0.063793175	-0.033063203	-0.032741022	-0.055364813
4	0.019170254	0.012620956	0.018168899	0.012936173	0.025174196	0.025505856	0.035128291	0.057178136	0.007340171	0.044740484	0.026384131	0.033582054	0.06054325
5	-0.033362408	-0.02066414	-0.024817213	-0.013504413	-0.025244267	-0.017269768	-0.020150743	-0.121338854	-0.03944472	-0.064425056	-0.047333816	-0.035298278	-0.054540344
6	0.0301957	0.015471886	0.03084277	0.026409081	0.0003122	-0.004345396	0.012161314	0.066078897	-0.001929198	0.046929666	0.02863533	0.027474922	-0.008936075
7	-0.036600788	-0.03051865	-0.023436684	-0.011350067	-0.015826243	-0.018133963	-0.023145679	-0.131834936	-0.031391648	-0.065256783	-0.031591913	-0.025124088	-0.070238693
8	-0.013514609	-0.010130349	-0.02650042	-0.011147507	0.016874289	-0.020441205	0.003180209	-0.131604221	-0.04432121	-0.043777428	-0.072678593	-0.018785484	-0.072356658
9	0.040722927	0.01882519	-0.040920273	0.005450946	-0.000772041	-0.014830455	-0.030240093	0.074067938	0.034953994	-0.011850121	0.028440626	0.024772532	0.005247417
10	-0.055500808	-0.000483621	0.009661043	-0.006170533	-0.023545398	-0.013496544	0.059080107	0.046963638	0.061031257	-0.032222583	0.046376627	0.011251246	-0.007055734
11	0.026186017	0.004423142	0.022189607	0.014121043	0.026462156	0.024544362	0.038872223	0.063769585	0.028352809	0.044902878	0.029430584	0.020258746	0.053647426
12	-0.003912018	0.037721421	-0.028402674	-0.011392157	-0.017907656	0.021111192	0.010511153	-0.120627383	-0.028204925	-0.039254525	0.031902133	-0.023313908	0.105623634
13	0.022151851	0.020682815	-0.003329525	0.018032696	0.025407086	0.021195569	-0.016365281	-0.052924317	0.043983366	0.030312907	0.033231369	0.021476026	0.085662966
14	0.002251467	0.009019201	-0.008349235	-0.007899238	0.023178282	-0.009215909	-0.022528896	-0.099632231	-0.011186982	0.036077623	0.027351644	-0.040464698	-0.060792418
15	0.025100706	0.02021884	-0.007313797	0.001475532	0.018389524	-0.009055362	0.011916999	0.074617241	0.029871066	0.035510347	0.02947195	-0.02073991	0.075002878
16	-0.010609233	0.044554582	-0.016747217	-0.008076401	-0.028746707	0.029493814	0.034959623	-0.157365753	-0.036385287	-0.043714674	-0.063658033	-0.008126624	-0.016934171
17	0.009558768	0.000312471	0.04386838	-0.008148688	0.000868377	-0.004024077	0.041883251	-0.097094784	0.061525863	0.064050891	0.049760091	0.05484855	-0.01370436
18	0.01696371	0.027196943	-0.008886157	0.00303076	-0.002070932	-0.012222002	-0.025958305	0.07824531	-0.010034377	0.024544563	0.01682563	-0.027643461	0.094216751
19	0.001999586	0.053709855	-0.025952656	-0.00379238	-0.01707063	0.019024515	-0.022539969	0.115787521	-0.005402398	-0.02075947	0.017842113	-0.018033285	0.077916963
20	-0.025101771	0.025104028	-0.021150016	0.002540694	0.000377722	-0.00678399	-0.0316996	0.090344005	-0.018227956	-0.033238894	0.026891245	-0.004646561	-0.025798625
21	-0.009399859	-0.007188383	0.013539445	-0.003717569	-0.033026366	0.018768474	-0.029735226	0.073965525	-0.056146633	-0.052081767	-0.066844672	-0.029359808	-0.015183686
22	-0.03298537	-0.023033388	-0.024590575	-0.018290531	-0.023724502	-0.020529695	-0.022711615	-0.120885147	-0.035655999	-0.068668174	-0.045328717	-0.030523252	-0.058339679
23	-0.020116517	-0.030096848	-0.021475788	-0.012985864	-0.026841622	-0.000195983	-0.034019181	-0.122647044	-0.030571666	-0.055154867	0.046268064	-0.034349433	-0.045307313
24	0.0169177	0.019196968	0.004214081	-0.001058477	0.024992461	0.017219772	0.041142476	0.070862017	0.036349269	0.034884935	0.026585783	0.018754899	0.068076268
25	0.028911199	0.005380094	0.035135617	0.005997581	0.031399279	-0.006099669	0.017857567	0.060315613	0.043447649	0.040240176	0.035578091	0.038785258	0.005747679
26	0.026280524	0.011705717	0.021323712	0.015657885	0.028408472	0.029843381	0.007479064	0.066762457	0.004361748	0.043251962	0.023806082	0.025764659	0.06332389
27	0.033150291	0.013512354	0.023017218	0.005409078	0.0264858	0.022687422	0.055045638	0.078796624	0.035787529	0.01304811	0.033597905	0.029672985	0.005261317
28	-0.014826811	-0.030349205	-0.036587544	-0.019999608	-0.018663782	-0.021231439	-0.029435089	-0.1527899	-0.031672194	-0.034631915	-0.001918112	0.004855709	-0.071439333
29	-0.010842496	0.038502268	-0.010384284	-0.008403648	-0.026976599	0.021152307	0.010196917	-0.05030031	-0.029706216	-0.035451641	-0.03553103	-0.022196975	0.106474005
30	0.023888099	0.008543446	-0.024549891	0.003180262	-0.000435459	-0.020993389	-0.037287709	0.068747595	-0.021145126	-0.020545696	0.031448629	-0.028514413	-0.010888281
31	0.032120304	-0.000741195	0.00659742	-0.000508941	0.024639565	0.022614057	-0.039003529	0.085981042	0.02484209	0.031680573	0.037782609	0.004687756	-0.038483988
32	0.00770534	-0.002630319	0.009876498	0.031986799	-0.029994847	-0.016028332	-0.019652213	0.098668756	-0.050334508	-0.05859272	-0.06094792	-0.004726934	-0.077062898
33	-0.048875708	0.023607885	-0.011076632	-0.004516764	0.004384021	0.036254192	0.008414561	0.099687716	0.043031594	-0.018799989	-0.016512458	-0.020567197	0.049084567
34	-0.047192863	0.019254035	0.015482767	-0.003101343	0.006428966	0.019256744	0.037950957	0.080504544	0.021836321	0.02804107	-0.028184646	-0.015451122	0.091038833
35	0.016279358	0.018412523	0.02737187	0.014340461	0.02394573	0.024418593	0.031555369	0.070047495	0.025057044	0.041010517	0.023626246	0.02646432	0.053749674
36	0.01539817	0.002126526	0.009948696	0.00422421	0.031209641	0.016316754	-0.02794425	0.073604541	0.039213369	0.042510758	0.026384402	0.024291745	0.077590163
37	-0.070116733	9.04E-05	-0.019761119	-0.013989743	0.020209674	0.032612463	0.060122173	0.075439642	0.048790771	0.01927637	0.037569739	-0.020676938	-0.043143976
38	-0.0497449	0.007069436	-0.026456529	-0.007134879	0.019938147	-0.012274985	0.021993579	0.00325499	0.026237583	0.013020479	0.032477652	0.000661458	0.053570019
39	0.013776445	-0.015712654	-0.008498788	-0.013733064	0.001309098	-0.024825016	0.002404679	-0.110784263	-0.036672082	-0.045609064	-0.070501805	-0.021531738	-0.000811483
40	-0.030970102	0.025400319	-0.013719043	-0.015547995	-0.024715885	0.017273894	-0.016191445	-0.130909595	-0.003990133	-0.048740723	-0.052872539	-0.044254796	0.095554295
41	0.021226258	0.017051808	0.02254201	0.0165581	0.021308807	0.027339271	0.012867686	0.075821682	0.026017813	0.041165429	0.029250979	0.008909724	0.059679488
42	0.020853646	0.022315748	0.010973317	-0.004897876	0.024728857	0.031376515	0.057682672	0.083741403	0.003174026	0.032663709	0.009584215	0.037812468	0.002078742
43	-0.050636871	-0.002276881	-0.028555101	-0.025692848	-0.027686601	-0.028445611	-0.013696684	0.073518189	-0.006973054	-0.031410337	-0.031880039	-0.028631808	-0.069039841
44	-0.048725953	0.001392435	-0.04240655	-0.019435404	0.017001183	-0.010254013	0.034058208	-0.100118331	0.060912726	-0.03444331	0.060884406	-0.029614296	-0.048860356
45	-0.030425385	-0.024657144	-0.029871354	-0.021821665	-0.009872355	-0.007176204	-0.031272304	-0.148203945	-0.027057467	-0.061517433	-0.045668952	-0.01542524	-0.01960701
46	0.004977124	0.033103215	-0.023571235	-0.001409261	0.007042356	-0.004597993	-0.033756116	-0.079931132	-0.017001107	-0.03114924	0.010179724	-0.008534665	0.117376679
47	-0.029063097	-0.000280196	0.026073959	-0.015852247	-0.000863288	-0.013769648	0.02268992	-0.070031702	0.071043048	-0.049330263	-0.031548587	0.012994667	-0.063650827
48	0.021215067	0.004183695	0.026628126	0.013645649	0.02661689	0.02240907	0.039737871	0.06372668	0.032124827	0.03967225	0.024401925	0.027545032	0.051889107
49	0.02005756	0.005591508	0.029086578	0.017751235	0.02350552	-0.014790563	0.000383352	0.071012723	-0.001850225	0.043391471	0.010550221	0.005590488	0.06721857
50	-0.038308431	-0.022538264	-0.020109658	-0.014510615	-0.013525077	-0.021547686	-0.024254208	-0.138932672	-0.031997761	-0.040858426	-0.050169385	-0.009065457	-0.054719888
51	0.024841383	0.001207979	0.026836625	0.016749734	0.025355106	0.020593631	0.040396847	0.073248353	-0.00589227	0.050947762	0.030890722	0.007307902	0.062026775
52	-0.037774541	-0.023341942	-0.02411254	-0.016446655	-0.023807414	-0.01431596	-0.020931092	-0.118072219	-0.035296731	-0.068176638	-0.049358192	-0.029325473	-0.060490194
53	0.005815507	0.033353177	0.018666126	0.019063442	-0.002547573	0.027929135	-0.013263748	0.087802073	-0.026855711	-0.011600562	-0.050593732	0.035678974	0.107887809
54	0.012632228	0.037458508	-0.01265674	-0.000506544	-3.61E-05	-0.011149842	-0.038510321	0.074305166	-0.018664405	0.002033007	-0.021915527	-0.02731263	-0.00015498
55	-0.004304367	-0.004352298	0.006826385	-0.008351683	-0.022644496	0.017268617	-0.041180698	-0.097989094	-0.037428576	-0.047572567	0.042674265	-0.026245383	-0.058671535
56	-0.016658078	-0.030642108	-0.007407979	-0.019673091	-0.003869118	-0.007973515	-0.026284858	-0.129799474	-0.035919526	-0.066961268	-0.052554268	-0.030841463	-0.054788877
57	0.017991593	0.001440073	0.027345586	0.014483892	0.027113425	0.021958004	0.036324455	0.058604175	0.031291072	0.038070367	0.027922366	0.034364032	0.047172494
58	0.014443305	-0.011080423	0.020017353	-0.002574101	0.024946995	-0.013154965	0.034381769	0.086684724	0.035639061	0.032626572	-0.056901732	0.021693883	0.034296955
59	-0.019033911	0.012660469	-0.027077869	-0.021156426	0.006506699	-0.004623034	-0.024875387	0.091066088	-0.014690898	-0.039341601	0.018966925	-0.042797708	0.103303691
60	0.029490366	0.0246687	0.012812896	0.000295526	0.001425552	0.020574323	-0.014786919	0.096476101	-0.006357509	0.027702864	0.027414124	0.005581616	0.080163243
61	0.018075729	0.020420368	-0.011172906	0.003839972	0.022418368	0.01667085	0.019605893	0.011236596	0.033164594	0.034591327	0.019291481	0.027869684	0.082887712
62	0.024650971	-0.011576974	0.03460053	0.015100253	0.021284095	0.007094003	0.054508913	-0.060669151	0.04605477	0.043410469	0.042224065	0.050781931	0.01647741
63	0.01903063	0.012311316	0.028121741	0.012158392	0.030478869	0.020650123	0.034859033	0.06282279	0.027999127	0.034913274	0.02968502	0.022804012	0.044178845
64	0.020832995	0.015711781	0.0200122	0.008972437	0.014973819	0.035087546	0.037401457	0.085607151	-0.015392383	-0.046038151	0.022094461	-0.027882353	0.060749093
65	-0.021215561	-0.024698737	-0.012444778	-0.019204566	-0.025975744	-0.020882949	-0.026204632	-0.121959356	-0.035182636	-0.06761654	-0.04683086	-0.028689607	-0.059963923
66	0.007360718	-0.018664999	-0.010985944	0.024367354	0.000523237	-0.022773565	-0.041250795	0.087832405	0.005716633	0.027547646	0.010604022	0.035725431	-0.032215893
67	0.019344017	-0.00344321	-0.029379254	0.002294274	0.000289509	-0.039198548	0.000559934	0.066159784	-0.019470098	0.052970602	0.026706565	-0.026793091	-0.057919794
68	-0.008266753	0.018937146	-0.027495381	0.012776235	-0.0243914	0.017868241	-0.020132942	0.05374976	-0.025942521	0.039063071	0.005402962	-0.024498986	0.098022133
69	0.017586016	0.001356082	0.017674825	-0.003921293	0.027233158	-0.018145522	0.010193337	0.071425902	0.028170326	0.039071715	0.03480947	0.005826776	0.071895296
70	0.017697848	-0.003070078	0.036262609	0.014280416	0.027223014	0.023643325	0.046408997	0.064394691	0.034803651	0.037128417	0.030433337	0.03519858	0.000152528
71	0.02030644	-0.002301667	-0.013673793	-0.001189317	-0.016614024	-0.006369125	-0.038354735	0.073291687	0.033340028	-0.031784852	0.034565971	-0.034398952	-0.006489108
72	0.027061886	0.009516904	0.038741034	0.012003779	0.027182336	0.016323803	0.047243289	0.063511809	0.037116131	0.032982073	0.031970166	0.03541288	0.001458852
73	-0.021890289	-0.02650684	-0.028857234	-0.020732967	-0.024930423	-0.022423688	-0.032431675	-0.134762823	-0.037386864	-0.064487333	0.000615007	-0.025335319	-0.063607347
74	-0.038190306	-0.025415602	-0.017931684	-0.009678708	-0.009192813	-0.021053861	-0.022353741	-0.134637309	-0.031510044	-0.068965063	-0.04870035	-0.033715895	-0.05963546
75	0.010840986	0.021390658	0.024974066	0.004306027	0.020394781	0.028649912	0.034280712	0.083374886	0.017860479	0.022257576	0.021181719	0.015740698	0.064878291
76	0.011643559	-0.035137004	-0.008732658	-0.001795896	-0.003529794	-0.017474035	-0.033306751	-0.160942073	-0.037691095	-0.056151978	-0.038128539	-0.012238298	-0.025502939
77	-0.017275461	-0.01366804	-0.033407033	-0.011588663	-0.018190575	-0.026688272	-0.041967091	-0.096035696	-0.038013006	-0.061129491	0.011062515	-0.000107436	-0.071342399
78	-0.03495102	-0.020062297	-0.027092551	-0.019148436	-0.009852906	-0.018754595	-0.02267627	-0.131205577	-0.032694187	-0.069783771	-0.042971762	-0.026802587	-0.064018841
79	-0.045948272	-0.027067827	-0.030996316	-0.019482022	-0.026544082	0.018799704	-0.033005927	-0.097703878	-0.03814881	-0.056180167	-0.016770194	-0.018923763	-0.057695713
80	0.027144557	0.025666237	0.021722958	0.005101591	0.022944484	0.032536642	0.029272228	0.072758618	-0.009825424	0.024292094	-0.010365478	-0.019686321	0.072932118
81	-0.01842804	-0.0183874	-0.024889336	-0.014000391	-0.024171328	-0.014516337	-0.023074298	-0.125156738	-0.035209253	-0.067249573	-0.051601169	-0.035529332	-0.056676503
82	0.008633175	0.009878093	-0.009681595	0.000653805	-0.015802455	-0.009702811	-0.011049932	0.040754947	-0.015332341	0.047629863	0.032045128	-0.025404213	-0.019376953
83	0.015504072	-0.008698976	0.003154532	-0.00897032	0.022015722	0.002779079	-0.038249204	-0.126318686	-0.036279805	-0.057874733	0.030789487	-0.027116701	0.096596122
84	-0.005245653	0.010496465	0.026092187	0.020291602	0.022720244	0.02906576	0.033339625	0.079510239	0.026573838	0.037330431	-0.007686343	-0.01634724	0.063038224
85	-0.004583266	-0.023251441	-0.018509467	-0.016460232	-0.021100575	-0.020525131	-0.026799534	-0.134184489	-0.035355596	-0.074591486	-0.045277437	-0.007967826	-0.055826191
86	-0.037647618	-0.022066525	-0.021564638	-0.018524467	-0.022189969	-0.018575968	-0.020522295	-0.113025607	-0.035122248	-0.062704923	-0.038124105	-0.034717953	-0.04635126
87	0.026358682	0.004972059	0.042628948	0.017373763	0.032079166	-0.009961428	-0.024677121	0.007563592	0.044117086	0.059266213	0.036374178	0.038353734	-0.010969784
88	0.042995173	0.01289251	0.005154076	-0.000581064	-0.002261751	0.023886613	0.044586523	0.069259378	-0.061804182	-0.035292398	-0.058795345	-0.026707422	-0.012733557
89	0.038028738	-0.014215437	0.03300809	0.035187429	-0.009243815	-0.013742449	-0.008651568	-0.114324201	-0.022323345	0.083879036	-0.041482235	-0.015233337	-0.041300611
90	-0.001315922	0.024351841	-0.009398158	0.003172963	-0.029162249	0.026917103	-0.026486086	0.078092133	-0.008720769	-0.001659244	0.022389216	-0.024640035	0.108059848
91	0.022985823	0.011836914	0.024296116	0.012506835	0.017287126	0.025557861	0.03012309	0.068681783	0.024613765	0.039014098	0.023028022	0.020821868	0.056261325
92	0.017991249	0.013664844	0.02828807	0.010850581	0.03207901	0.024721822	0.032540221	0.05039855	0.029927978	0.037722451	0.027727051	0.035555259	0.044657009
93	0.021804863	0.014278714	0.025255477	0.023007561	0.025074093	0.025415974	0.001466386	0.077727263	-0.002380875	0.054286898	-0.032521395	0.023458817	0.07745823
94	-0.006421644	-0.015728334	-0.017720638	-0.010206249	-0.015852489	-0.015979223	-0.04269056	-0.122580209	-0.044105904	-0.056235385	0.027060327	-0.029389877	-0.030325966
95	0.026747692	0.020651473	0.026998939	0.000109394	0.036386148	0.026212244	0.049610957	0.075735312	0.044724406	0.016809601	0.035285483	0.029454005	-0.033821176
96	-0.009313166	-0.022401277	-0.023991613	-0.006272306	-0.023232785	-0.018756799	-0.024730646	-0.133086271	-0.041619551	-0.06312598	-0.053858009	-0.035078232	-0.061243624
97	-0.007359854	-0.030006997	-0.031203405	-0.014010195	-0.022036089	-0.023850684	-0.03377618	-0.144256291	-0.038007285	-0.074445801	0.0020073	-0.007899127	-0.065226999
98	-0.026179592	-0.00140557	-0.018620054	-0.019528072	-0.005532419	0.019350457	-0.010687359	-0.13013068	-0.00147871	0.003770733	0.033146357	-0.030547265	-0.030872742
99	0.011321407	-0.01171276	-0.014948727	0.006413888	-0.01031354	0.007098816	-0.034016933	-0.089538241	0.035159353	0.061761776	0.023793127	0.061716734	0.098198955
100	-0.047772773	0.023505226	-0.010621042	-0.016996199	0.025055581	0.02247312	0.042547312	-0.062222484	0.001673405	0.04365178	0.036517451	-0.001176844	0.056687621
101	-0.041282935	-0.030338527	-0.016423771	-0.009378298	0.022881858	-0.022630106	0.007126732	-0.135840583	-0.032951577	-0.050950633	0.052740492	-0.033007563	-0.063209352
102	0.014105032	0.025431872	-0.032113025	-0.000113106	-0.033257742	-0.034922452	-0.027829902	0.068591788	-0.025150553	-0.043423341	0.017100671	-0.018217928	-0.061713493
103	-0.039203228	-0.0313641	-0.022240151	-0.000518569	-0.027474931	-0.021771114	-0.027667958	-0.135404057	-0.034426056	-0.064085448	0.020810338	0.006605871	-0.063255862
104	-0.012887807	0.003186555	0.031501811	0.006621511	-0.0053841	0.033650358	0.041482457	0.079996981	0.031264968	0.046709611	0.022928272	0.023608254	-0.01975943
105	-0.027991087	-0.00157129	-0.039292273	-0.018747419	0.025884091	-0.007567867	-0.028565831	-0.092933645	-0.021537225	-0.00465803	0.030766308	-0.028098078	-0.016361434
106	-0.025610504	0.021726076	-0.027675892	-0.023620352	-0.019657197	-0.02175289	-0.035831346	-0.056211444	-0.041796631	-0.043019675	0.009511813	-0.022347173	-0.057364569
107	-0.009020996	0.03282567	0.014292253	0.005123208	0.006994831	-0.012971455	0.040723333	0.09038874	-0.051648	-0.048475405	-0.060327539	-0.035095183	-0.018802537
108	-0.020028263	-0.025207447	-0.018435125	-0.018244057	-0.025762689	-0.017155433	-0.019326226	-0.118783892	-0.039266849	-0.06080287	-0.053508841	-0.028519897	-0.064122837
109	-0.004005458	-0.025852401	0.031054429	-0.010338582	0.028316704	0.015431067	0.016978592	-0.133679044	0.044380906	0.023451379	0.048259494	-0.004269301	-0.003237515
110	-0.004644124	0.01772292	-4.52E-05	0.001065566	0.030062816	0.019657813	0.049257174	0.077719855	0.038404953	0.025681009	0.024470299	0.026560346	0.037061776
111	0.02625275	0.015194483	0.024485404	0.013892204	0.024536373	0.021967326	0.033028756	0.060047691	0.025909038	0.040258298	0.027877211	0.031504827	0.052864282
112	-0.023090779	0.02373355	-0.030470541	-0.012408525	0.030178978	-0.015810594	0.028319599	0.070139085	-0.001913134	-0.030082002	0.026425467	-0.031458347	0.061630414
113	0.020830679	0.024115158	-0.007511188	0.038494427	-0.003863832	0.012184862	-0.02732519	-0.080595051	-0.032089623	0.05596849	-0.044542944	-0.018777916	0.081548839
114	-0.042153964	-0.019157367	-0.012307223	-0.014112891	-0.023609754	-0.023697667	-0.02526929	-0.126733339	-0.040143045	-0.063709434	-0.02308297	-0.034439478	-0.054568043
115	-0.047751926	0.016633075	-0.011344342	0.011597773	-0.035300781	0.018168151	-0.013262721	0.066838478	-0.033883867	0.044146979	-0.034344383	-0.036443757	0.101933225
116	-0.00762641	0.031218361	0.013512746	0.001096051	-0.0357648	0.020885399	0.016963626	-0.101574511	-0.032266988	-0.048569195	-0.040610404	-0.025966734	0.098231994
117	-0.001759097	-0.038285297	-0.016386053	-0.005403872	-0.024020163	-0.020173116	-0.027348821	-0.15092999	-0.01854278	-0.044693028	0.019188896	-0.018948636	-0.07069487
118	0.022707808	0.01556792	0.02260438	0.012076713	0.028528831	0.028346264	0.02969265	0.06926535	0.02934811	0.024213914	0.027087777	0.018775121	0.05374414
119	0.011545256	0.015015666	0.028545638	0.01175334	0.025023571	0.014306169	0.041637228	0.067073871	0.032270849	0.034523457	0.02865091	0.035490786	0.043227378
120	-0.019839999	-0.015216537	-0.026838748	-0.022758135	-0.028799415	-0.0213337	-0.025020064	-0.119833257	-0.042497376	-0.070384396	-0.049666237	-0.03506712	-0.055742004
121	0.016588738	-0.017553601	-0.029740653	0.001267104	-0.037285595	-0.015631907	-0.025853527	0.037111415	-0.021748131	0.065012203	-0.054144241	-0.035034644	-0.060152926
122	-0.039565035	-0.020044188	-0.018603449	-0.019803885	-0.01898825	-0.015978741	-0.025086324	-0.109230502	-0.042488227	-0.067602135	-0.052433584	-0.028421137	-0.066499196
123	0.031582829	0.019285221	0.029290233	0.000625001	0.021015626	0.00366189	0.019192921	0.068828626	0.024206826	0.040078104	0.021556534	0.028450524	0.065092662
124	-0.042713729	-0.022972169	-0.014461441	-0.009007891	-0.021769256	-0.005282138	-0.001542725	-0.133955908	-0.031977001	-0.054139891	-0.042155556	-0.027310222	-0.076086361
125	0.007263739	-0.019791836	-0.022947642	-0.010094179	-0.025198174	-0.021161745	-0.03053057	-0.124148145	-0.046297959	-0.059708861	-0.05514103	-0.031954985	-0.029369793
126	0.018461334	0.018003047	-0.006205271	0.017092866	-0.00250028	0.022575487	0.023830901	0.09677021	-0.013432345	-0.027597425	0.028181048	0.004556096	0.078718728
127	-0.018399316	-0.023066234	-0.013712514	-0.003142191	-0.020286398	-0.021495999	-0.023659763	-0.030150106	-0.038027603	-0.066096415	-0.067700055	-0.037402464	-0.076776589
128	-0.038382795	-0.022395986	-0.018530233	-0.022730076	-0.024088717	-0.01601995	-0.021112413	-0.125663885	-0.037288268	-0.060393375	-0.048298957	-0.02744552	-0.060586764
129	-0.029708925	-0.023095223	-0.026055081	-0.009137146	-0.024593564	-0.023322949	-0.022253134	-0.122295517	-0.033331625	-0.068980335	-0.049085714	-0.024940908	-0.066248917
130	0.023563659	0.012476191	0.025758198	0.004906085	0.023122497	0.021738151	0.032341238	0.063418887	0.025168174	0.039583854	0.025863565	0.031524065	0.053886615
131	0.017972373	0.015516665	0.038389319	0.023198732	0.025898324	-0.012679482	0.014999642	0.055027453	0.035213185	0.017737234	0.033928029	0.001540485	0.000959802
132	0.027804551	0.003491028	0.026096166	0.010944041	0.026226288	0.019935164	0.041323679	0.049496386	0.032440678	0.044270295	0.030422508	0.033002303	0.052338124
133	0.013668559	0.025706777	-0.007674971	-0.01079385	0.030233638	0.023133457	0.048047703	0.043893697	-0.006664218	-0.032779624	0.034406578	0.029143062	0.077761417
134	0.020652225	-0.006744322	0.029226448	8.08E-06	0.024811862	0.021065093	0.053718996	0.085897911	0.035345892	0.034097691	0.033514708	0.018974396	-0.000206158
135	-0.002856008	-0.019539993	-0.033027192	-0.007481636	-0.003377932	0.012727486	-0.032716079	-0.168488294	-0.033115652	-0.04326694	0.004676178	-0.023551249	-0.063838611
136	-0.022873071	-0.024935964	-0.023210619	0.01008926	-0.014939072	-0.023444303	-0.037127555	-0.149634974	-0.011174394	-0.06192276	0.012727047	-0.016621581	-0.062855259
137	0.031004912	0.016302722	0.012227685	0.009677437	0.017316939	0.028753194	0.038189327	0.072853237	0.016484145	0.036699744	0.026543527	-0.011579246	0.063696804
